0.227661
0.199799
0.195301
0.185877
0.181141
0.196602
0.178363
0.183084
0.194760
0.182141
0.192791
0.192284
0.183712
0.183830
0.180674
0.177992
0.195332
0.197334
0.186728
0.181725
0.177329
0.206358
0.180043
0.182526
0.180260
0.175462
0.196993
0.183487
0.178640
0.179807
0.180729
0.206419
0.178936
0.177385
0.176140
0.181515
0.182776
0.179022
0.181384
0.177529
0.178103
0.186385
0.180334
0.178393
0.179894
0.188154
0.192926
0.188237
0.181256
0.181250
0.180190
0.195489
0.182760
0.178629
0.190348
0.187399
0.182389
0.196559
0.178827
0.190593
0.186346
0.180371
0.183008
0.181201
0.178804
0.178591
0.182355
0.178470
0.181311
0.183377
0.180384
0.182203
0.184400
0.181413
0.177339
0.185481
0.184497
0.185850
0.179540
0.180141
0.181492
0.178755
0.178953
0.183033
0.178049
0.190579
0.182158
0.179731
0.179011
0.182385
0.188270
0.179662
0.179887
0.182984
0.179291
0.201303
0.183206
0.180458
0.192901
0.183928
